#Lane	Cycle	All A	All C	All G	All T	Call A	Call C	Call G	Call T	Base A	Base C	Base G	Base T
1	1	1104.9	869.8	1136.8	876.0	3763.8	3754.5	3720.8	3733.6	27.6	22.1	28.7	21.5	
1	2	950.8	771.2	1045.3	1026.4	3587.8	3584.4	3548.1	3547.9	24.8	20.4	27.6	27.1	
1	3	870.9	981.1	867.0	999.1	3534.1	3514.8	3496.1	3471.2	23.1	26.8	23.0	27.1	
1	4	898.1	931.9	998.3	871.3	3512.2	3499.1	3478.1	3455.1	24.0	25.6	27.0	23.5	
1	5	844.9	994.4	1011.7	812.2	3436.0	3432.7	3414.0	3384.5	22.8	27.6	27.7	22.0	
1	6	798.8	1027.2	978.2	826.0	3408.5	3396.1	3384.3	3355.7	21.7	28.8	27.0	22.6	
1	7	826.1	969.5	1018.7	797.4	3399.8	3387.6	3370.1	3343.8	22.5	27.3	28.4	21.9	
1	8	809.0	995.0	955.4	821.7	3360.4	3352.8	3332.7	3311.5	22.3	28.3	26.7	22.8	
1	9	784.0	985.7	956.6	827.0	3350.2	3335.1	3316.8	3286.1	21.7	28.2	27.0	23.2	
1	10	804.1	960.6	983.4	784.7	3326.7	3311.3	3291.6	3265.9	22.4	27.6	27.9	22.0	
1	11	809.0	946.0	955.4	797.2	3308.2	3295.8	3276.0	3248.5	22.7	27.4	27.3	22.6	
1	12	788.8	947.5	935.3	802.1	3280.4	3266.7	3244.8	3216.4	22.3	27.7	27.0	23.0	
1	13	797.1	929.4	944.5	781.2	3264.5	3250.2	3229.6	3203.5	22.7	27.3	27.5	22.5	
1	14	797.9	915.8	924.0	784.5	3237.6	3224.1	3203.4	3178.5	23.0	27.1	27.1	22.8	
1	15	777.0	922.0	910.6	784.5	3210.3	3197.9	3177.6	3151.0	22.5	27.5	26.9	23.0	
1	16	773.1	906.5	921.3	761.5	3183.0	3171.4	3150.0	3123.0	22.7	27.3	27.5	22.6	
1	17	776.6	896.4	904.5	764.8	3168.6	3154.6	3133.2	3108.8	22.9	27.2	27.2	22.8	
1	18	756.7	901.8	891.0	763.4	3141.1	3126.8	3105.7	3080.3	22.5	27.6	27.0	22.9	
1	19	756.5	887.0	903.2	742.4	3120.7	3106.8	3083.8	3059.0	22.6	27.3	27.6	22.5	
1	20	757.3	875.1	884.9	744.9	3098.3	3083.6	3064.4	3035.9	22.9	27.2	27.2	22.8	
1	21	736.9	882.4	869.5	747.8	3072.7	3060.4	3043.2	3013.3	22.4	27.6	27.0	23.0	
1	22	740.9	866.0	879.4	725.0	3050.6	3039.2	3019.0	2993.7	22.7	27.3	27.5	22.5	
1	23	742.2	852.8	863.7	729.7	3028.9	3017.0	2998.2	2970.5	23.0	27.1	27.2	22.8	
1	24	721.3	857.5	851.7	729.6	3001.5	2988.6	2967.7	2940.1	22.5	27.5	27.0	23.1	
1	25	722.2	841.6	859.0	705.7	2977.6	2963.9	2941.9	2915.2	22.7	27.2	27.6	22.5	
1	26	721.0	823.6	837.1	703.8	2938.4	2925.0	2901.6	2869.8	23.0	27.0	27.3	22.8	
1	27	702.0	833.4	825.3	705.2	2918.8	2906.7	2879.7	2849.9	22.5	27.4	27.1	23.0	
1	28	702.0	819.2	835.0	681.8	2895.1	2884.1	2856.8	2826.9	22.7	27.2	27.7	22.4	
1	29	704.9	807.4	820.1	686.8	2874.6	2862.2	2837.8	2806.1	23.0	27.0	27.3	22.8	
1	30	685.6	812.3	808.4	687.0	2847.4	2835.0	2813.1	2780.5	22.5	27.4	27.1	23.0	
1	31	688.7	802.9	819.8	666.8	2834.0	2823.2	2797.9	2765.7	22.7	27.2	27.7	22.4	
1	32	692.0	792.6	805.1	674.3	2820.2	2808.9	2785.6	2752.9	23.0	27.0	27.3	22.8	
1	33	676.2	801.5	800.6	676.8	2814.9	2799.4	2775.7	2741.2	22.5	27.4	27.1	23.0	
1	34	679.1	793.4	809.5	659.3	2801.2	2788.5	2763.1	2731.3	22.7	27.2	27.7	22.4	
1	35	680.2	777.0	787.7	659.9	2770.0	2756.3	2727.1	2694.2	23.0	26.9	27.3	22.8	
1	36	661.1	783.2	779.0	659.5	2748.0	2732.5	2703.8	2669.8	22.5	27.4	27.1	23.0	
1	37	661.4	773.3	790.1	639.3	2728.0	2713.7	2687.9	2652.2	22.7	27.2	27.7	22.4	
1	38	664.0	760.5	774.0	642.5	2705.8	2692.7	2667.1	2631.0	23.0	27.0	27.3	22.7	
1	39	647.6	771.2	770.4	645.4	2697.4	2684.5	2659.9	2619.4	22.5	27.4	27.2	22.9	
1	40	649.7	759.4	777.4	626.0	2677.4	2662.1	2637.5	2599.9	22.7	27.2	27.7	22.3	
1	41	651.4	749.4	763.8	630.2	2657.6	2645.2	2619.1	2580.8	22.9	27.0	27.4	22.7	
1	42	632.8	756.0	751.8	630.6	2639.1	2625.7	2598.4	2561.4	22.4	27.5	27.2	22.9	
1	43	638.1	748.1	764.3	614.4	2631.3	2617.4	2590.1	2550.7	22.7	27.2	27.7	22.3	
1	44	639.6	735.3	749.1	617.6	2606.9	2594.7	2567.3	2528.2	22.9	27.0	27.4	22.7	
1	45	604.9	718.5	715.1	602.0	2517.6	2504.4	2480.7	2450.1	22.5	27.4	27.2	22.9	
1	46	605.4	709.5	723.3	585.3	2497.8	2486.5	2467.3	2434.1	22.7	27.2	27.7	22.4	
1	47	607.8	696.2	709.1	587.4	2479.2	2466.5	2444.7	2412.9	23.0	27.0	27.4	22.7	
1	48	589.2	701.6	693.9	586.9	2452.5	2442.2	2417.3	2387.2	22.5	27.4	27.1	22.9	
1	49	590.4	693.4	710.7	570.1	2443.3	2434.1	2410.9	2379.6	22.6	27.2	27.9	22.3	
1	50	586.7	678.0	688.8	567.8	2397.6	2390.5	2370.2	2336.3	22.9	27.0	27.4	22.7	
1	51	924.6	780.6	629.9	1343.1	3569.6	3522.9	3494.8	3543.0	23.3	20.1	15.7	35.7	
1	52	642.8	1185.1	713.1	1227.2	3476.9	3474.2	3408.6	3409.5	16.4	32.1	17.8	33.6	
1	53	809.6	1094.1	848.6	958.7	3423.8	3397.4	3356.1	3349.0	21.4	30.3	22.3	26.0	
1	54	1014.5	988.2	788.4	813.8	3330.8	3315.4	3271.6	3221.8	28.2	28.1	21.3	22.4	
1	55	677.0	866.0	739.0	1335.3	3342.6	3334.8	3301.6	3333.9	18.2	24.0	20.0	37.7	
1	56	1044.2	838.3	797.2	804.0	3222.5	3203.5	3148.0	3164.3	30.3	24.5	22.3	22.9	
1	57	1920.3	32.9	118.9	85.1	2407.6	1310.0	463.6	2166.4	79.7	1.1	0.6	0.6	
