Number of Clusters By Lane
Run name: 120420_SN792_0109_BC0P8LACXX
Instrument name: BS-DSFCONTROL03
Run Started: Sunday, April 22, 2012 2:16 PM
Maximum number of cycles: 57
Input Directory: E:\Illumina\HiSeqTemp\120420_SN792_0109_BC0P8LACXX
Output Directory: Y:\120420_SN792_0109_BC0P8LACXX
Total number of reads: 2
Number of lanes: 8
Number of tiles per lane: 96
Lane	Tile	Cluster Density
0	1101	807198.9
0	1102	818334.7
0	1103	830999.9
0	1104	850782.9
0	1105	877301.7
0	1106	888382.9
0	1107	911343
0	1108	936107.9
0	1109	949277.4
0	1110	966899.9
0	1111	988363.5
0	1112	1000290
0	1113	1013751
0	1114	1021868
0	1115	1033686
0	1116	1033948
0	1201	746923.3
0	1202	762166.3
0	1203	779362.5
0	1204	798828.1
0	1205	821716.3
0	1206	845863.9
0	1207	856936.4
0	1208	854083.3
0	1209	920299.6
0	1210	943059
0	1211	957368
0	1212	974228.4
0	1213	990742
0	1214	1006574
0	1215	1017208
0	1216	1023652
0	1301	758750
0	1302	772928.1
0	1303	787249.6
0	1304	811044.4
0	1305	841151
0	1306	856256.9
0	1307	865795.8
0	1308	862542.7
0	1309	928898.3
0	1310	945573.6
0	1311	960688.5
0	1312	974727.4
0	1313	995513.1
0	1314	1005214
0	1315	1014506
0	1316	989948.6
0	2101	807871.5
0	2102	825254.1
0	2103	833251.4
0	2104	857563.9
0	2105	879460.1
0	2106	898489.6
0	2107	920397.2
0	2108	948952.8
0	2109	961682.3
0	2110	979100.6
0	2111	997270.8
0	2112	1012235
0	2113	1026050
0	2114	1038875
0	2115	1052424
0	2116	1062044
0	2201	745282.6
0	2202	762617.7
0	2203	776040.3
0	2204	799836.4
0	2205	825266.3
0	2206	851560.1
0	2207	864230.5
0	2208	861922.6
0	2209	930945.8
0	2210	942136.4
0	2211	967242.7
0	2212	981523.3
0	2213	1005352
0	2214	1020664
0	2215	1038994
0	2216	1042772
0	2301	756660.8
0	2302	773014.9
0	2303	785482.9
0	2304	811052.8
0	2305	837742
0	2306	855338.2
0	2307	867088.5
0	2308	861700.7
0	2309	935884.3
0	2310	949142.3
0	2311	968943
0	2312	989142.7
0	2313	1011730
0	2314	1026285
0	2315	1034414
0	2316	1061116
1	1101	342004.5
1	1102	356098.9
1	1103	370304.5
1	1104	390078.1
1	1105	410787.8
1	1106	428705.9
1	1107	457178.1
1	1108	484002.8
1	1109	514167
1	1110	542885.8
1	1111	577107.9
1	1112	613082.9
1	1113	652922.6
1	1114	689752.8
1	1115	724928.4
1	1116	767137.8
1	1201	324234
1	1202	358580.2
1	1203	381095.1
1	1204	395319.8
1	1205	420647.9
1	1206	411097.2
1	1207	463218.4
1	1208	501024.3
1	1209	531626
1	1210	562341.3
1	1211	597030.9
1	1212	632495.4
1	1213	672505.2
1	1214	709565.6
1	1215	748222.9
1	1216	791926.7
1	1301	249783
1	1302	334092.3
1	1303	355902.8
1	1304	371318.8
1	1305	394710.4
1	1306	394014.9
1	1307	438589.2
1	1308	473454.5
1	1309	502360.8
1	1310	532403.8
1	1311	566479.1
1	1312	602758.7
1	1313	640810.8
1	1314	677044.1
1	1315	718139.6
1	1316	788536.1
1	2101	339484.7
1	2102	352994.8
1	2103	367070.1
1	2104	384078.5
1	2105	403900.7
1	2106	421895.8
1	2107	451334
1	2108	476027.1
1	2109	504438.9
1	2110	533647.9
1	2111	568076.7
1	2112	602771.5
1	2113	645671.9
1	2114	691980.9
1	2115	735366.3
1	2116	785748.9
1	2201	346201.4
1	2202	360094.8
1	2203	375013.2
1	2204	387958
1	2205	413131.2
1	2206	403030.2
1	2207	454220.1
1	2208	491176.4
1	2209	519316.7
1	2210	550155.9
1	2211	585729.8
1	2212	620027.1
1	2213	662069.1
1	2214	708700.3
1	2215	749952.1
1	2216	812731.6
1	2301	320655.9
1	2302	335597.9
1	2303	351814.2
1	2304	366959.4
1	2305	389278.5
1	2306	388416
1	2307	432213.9
1	2308	466136.4
1	2309	494072.2
1	2310	522850.7
1	2311	557195.1
1	2312	592139.6
1	2313	633278.1
1	2314	679776
1	2315	723673.9
1	2316	798235.1
2	1101	502837.8
2	1102	524825.3
2	1103	549010.4
2	1104	579381.9
2	1105	609900
2	1106	644900.7
2	1107	676705.2
2	1108	715068.8
2	1109	756476.7
2	1110	802252.8
2	1111	846139.9
2	1112	894234
2	1113	938276.7
2	1114	980139.9
2	1115	992055.5
2	1116	922868
2	1201	461916
2	1202	477292
2	1203	504758.7
2	1204	537781.3
2	1205	568220.1
2	1206	609675.3
2	1207	581004.8
2	1208	684710.4
2	1209	723970.4
2	1210	767017.7
2	1211	811467.3
2	1212	857282.6
2	1213	905211.8
2	1214	949548.6
2	1215	976775.3
2	1216	872035.8
2	1301	473176
2	1302	479633.7
2	1303	513314.9
2	1304	546705.6
2	1305	572321.2
2	1306	612388.5
2	1307	597463.5
2	1308	689848.6
2	1309	729366.3
2	1310	770525
2	1311	814847.6
2	1312	860728.8
2	1313	908389.6
2	1314	952449.6
2	1315	975430.9
2	1316	1007173
2	2101	506689.2
2	2102	529148.9
2	2103	551434.7
2	2104	581320.8
2	2105	609014.2
2	2106	643651.4
2	2107	680039.6
2	2108	723387.1
2	2109	762076.7
2	2110	805363.2
2	2111	845519.8
2	2112	896482.9
2	2113	945170.1
2	2114	988843
2	2115	1006692
2	2116	1042188
2	2201	461539.6
2	2202	484348.9
2	2203	506523.9
2	2204	537064.6
2	2205	565612.5
2	2206	605355.2
2	2207	580201
2	2208	686114.6
2	2209	726732.9
2	2210	769538.9
2	2211	812275.7
2	2212	862104.8
2	2213	910357.3
2	2214	954565.3
2	2215	1003610
2	2216	1061171
2	2301	473350
2	2302	495127.4
2	2303	516024.3
2	2304	545750
2	2305	568301.4
2	2306	611168.1
2	2307	593636.1
2	2308	686529.1
2	2309	727411.8
2	2310	769882.6
2	2311	817654.5
2	2312	864179.5
2	2313	911827.4
2	2314	957362.1
2	2315	990998.9
2	2316	1037483
3	1101	442442.3
3	1102	459002.8
3	1103	479518
3	1104	501752.4
3	1105	532164.6
3	1106	560855.9
3	1107	585451.7
3	1108	617790.3
3	1109	654661.1
3	1110	691844.1
3	1111	734709.7
3	1112	776920.1
3	1113	801932.6
3	1114	836297.2
3	1115	884087.1
3	1116	925572.2
3	1201	426285.8
3	1202	443738.5
3	1203	461773.6
3	1204	484923.9
3	1205	512378.1
3	1206	541223.6
3	1207	534520.1
3	1208	590568.8
3	1209	645907.6
3	1210	683402.1
3	1211	722514.2
3	1212	763566.3
3	1213	804918.4
3	1214	814437.1
3	1215	874248.9
3	1216	920217.3
3	1301	436105.2
3	1302	454287.8
3	1303	471064.6
3	1304	494479.5
3	1305	522590.3
3	1306	546770.8
3	1307	551588.5
3	1308	604491.3
3	1309	651466.6
3	1310	687769.8
3	1311	727831.6
3	1312	770107.6
3	1313	809651.7
3	1314	833192.3
3	1315	876743
3	1316	922607.6
3	2101	444548.3
3	2102	461343
3	2103	480500.7
3	2104	503629.8
3	2105	531914.2
3	2106	560118.4
3	2107	586675
3	2108	622080.2
3	2109	656462.8
3	2110	693065.3
3	2111	728984
3	2112	777104.8
3	2113	818147.9
3	2114	836287.1
3	2115	881377.1
3	2116	926121.1
3	2201	425924.3
3	2202	442635.1
3	2203	461148.3
3	2204	483844.8
3	2205	509670.8
3	2206	538598.6
3	2207	533908.3
3	2208	590980.2
3	2209	643652.8
3	2210	679168.4
3	2211	706715.3
3	2212	762214.2
3	2213	801706.9
3	2214	850546.8
3	2215	872216.6
3	2216	920823.9
3	2301	437135.1
3	2302	451841.3
3	2303	471776.4
3	2304	492682.6
3	2305	519367.7
3	2306	543621.2
3	2307	551023.6
3	2308	599914.9
3	2309	646642
3	2310	686377.8
3	2311	727262.5
3	2312	770928.1
3	2313	809889.2
3	2314	832232.6
3	2315	875898.6
3	2316	922009
4	1101	555273.9
4	1102	569095.8
4	1103	581421.2
4	1104	588364.6
4	1105	606545.1
4	1106	621401.4
4	1107	638353.8
4	1108	656109.4
4	1109	668928.4
4	1110	685468
4	1111	702811.4
4	1112	716747.9
4	1113	729364.6
4	1114	748001.7
4	1115	770414.2
4	1116	798714.2
4	1201	589650
4	1202	600664.2
4	1203	610428.8
4	1204	620375.3
4	1205	634928.8
4	1206	646554.5
4	1207	659535.8
4	1208	674231.6
4	1209	688138.2
4	1210	703595.1
4	1211	720565.6
4	1212	716757.3
4	1213	736345.1
4	1214	764182.3
4	1215	783913.9
4	1216	814494.1
4	1301	568186.1
4	1302	581470.1
4	1303	592469.1
4	1304	606329.5
4	1305	619488.5
4	1306	631137.5
4	1307	646892
4	1308	660345.4
4	1309	675709
4	1310	693090.3
4	1311	710781.3
4	1312	712856.6
4	1313	728985.1
4	1314	755485.1
4	1315	776865.6
4	1316	806396.1
4	2101	558442.7
4	2102	566379.8
4	2103	576210.4
4	2104	581938.9
4	2105	603859.7
4	2106	619549.6
4	2107	635668.4
4	2108	648864.6
4	2109	664212.8
4	2110	679062.5
4	2111	700500
4	2112	717768.8
4	2113	730306.6
4	2114	749489.9
4	2115	775484.7
4	2116	808976.7
4	2201	588217.7
4	2202	593584.4
4	2203	602520.4
4	2204	614296.9
4	2205	628324.6
4	2206	640955.2
4	2207	654635.8
4	2208	667745.8
4	2209	681268
4	2210	696458.3
4	2211	711777.4
4	2212	729235.8
4	2213	736701.7
4	2214	751674.3
4	2215	787120.4
4	2216	816520.4
4	2301	568564.9
4	2302	574549.6
4	2303	583269.1
4	2304	598080.9
4	2305	613204.8
4	2306	625973.6
4	2307	642956.3
4	2308	655962.8
4	2309	672002.1
4	2310	687388.9
4	2311	704540.3
4	2312	717973.9
4	2313	730940.3
4	2314	751542.7
4	2315	774584.4
4	2316	806841.3
5	1101	575089.6
5	1102	559632.3
5	1103	628795.8
5	1104	657154.1
5	1105	686484.7
5	1106	716656.9
5	1107	751041.3
5	1108	786941.6
5	1109	822729.5
5	1110	863593
5	1111	900934.7
5	1112	934202.8
5	1113	967210
5	1114	979930.2
5	1115	1005334
5	1116	998255.9
5	1201	576796.9
5	1202	485646.5
5	1203	625121.5
5	1204	659210.8
5	1205	685089.2
5	1206	713240.3
5	1207	745772.6
5	1208	777940.9
5	1209	816001
5	1210	854125.3
5	1211	891574.6
5	1212	927358.6
5	1213	969002.8
5	1214	998463.5
5	1215	924532.9
5	1216	1029622
5	1301	558860.4
5	1302	493028.8
5	1303	618463.9
5	1304	648387.8
5	1305	676453.8
5	1306	703860.1
5	1307	730630.9
5	1308	762406.3
5	1309	799446.5
5	1310	838527.8
5	1311	872779.8
5	1312	909832.3
5	1313	949950.3
5	1314	984773.3
5	1315	992881.9
5	1316	1006600
5	2101	580956.3
5	2102	563045.4
5	2103	632152.1
5	2104	659908.3
5	2105	686410.8
5	2106	717629.5
5	2107	748923.6
5	2108	782202.8
5	2109	818234.3
5	2110	862598.9
5	2111	901337.4
5	2112	937067
5	2113	973203.1
5	2114	1012516
5	2115	1033864
5	2116	1001598
5	2201	578237.8
5	2202	490313.9
5	2203	624471.5
5	2204	656863.2
5	2205	681716.3
5	2206	706996.1
5	2207	742897.2
5	2208	772176.7
5	2209	810542.7
5	2210	853875.3
5	2211	889603.1
5	2212	924948.9
5	2213	968949.3
5	2214	1002430
5	2215	990502.8
5	2216	997698.9
5	2301	565489.2
5	2302	496204.5
5	2303	619025.7
5	2304	648586.1
5	2305	674335.1
5	2306	686876.7
5	2307	729704.1
5	2308	761890.6
5	2309	796871.8
5	2310	836587.1
5	2311	870877.1
5	2312	907882.9
5	2313	953695.1
5	2314	986311.1
5	2315	1029724
5	2316	1046848
6	1101	693535.4
6	1102	715031.9
6	1103	738069.4
6	1104	763171.1
6	1105	786797.2
6	1106	815824.6
6	1107	846998.3
6	1108	873081.6
6	1109	896464.9
6	1110	924729.5
6	1111	945730.2
6	1112	963856.2
6	1113	978319.8
6	1114	997231.2
6	1115	996543.7
6	1116	938719.4
6	1201	673048.6
6	1202	699500.3
6	1203	722394.1
6	1204	746072.2
6	1205	774342.7
6	1206	797326
6	1207	836634.3
6	1208	819873.3
6	1209	899577.4
6	1210	925087.1
6	1211	948344.1
6	1212	966460
6	1213	955681.2
6	1214	983218
6	1215	968214.2
6	1216	963968.4
6	1301	718657.9
6	1302	740738.2
6	1303	766062.5
6	1304	791654.5
6	1305	813938.9
6	1306	833287.8
6	1307	868912.1
6	1308	849679.1
6	1309	930426.7
6	1310	954392.7
6	1311	977112.1
6	1312	978122.9
6	1313	1018371
6	1314	1013228
6	1315	1022920
6	1316	1019090
6	2101	695519.8
6	2102	717754.8
6	2103	737354.1
6	2104	759922.2
6	2105	784661.4
6	2106	813148.9
6	2107	839398.3
6	2108	868568.7
6	2109	894813.2
6	2110	924807.3
6	2111	952042
6	2112	978517.3
6	2113	993774.6
6	2114	985882.9
6	2115	1020088
6	2116	1005315
6	2201	674001.7
6	2202	695294.4
6	2203	717233.3
6	2204	739931.9
6	2205	764664.9
6	2206	806768.7
6	2207	835110.4
6	2208	816195.1
6	2209	897970.4
6	2210	926990.9
6	2211	949886.4
6	2212	978149.6
6	2213	991565.9
6	2214	1013945
6	2215	961022.6
6	2216	964769.4
6	2301	716530.5
6	2302	737740.6
6	2303	758051.4
6	2304	783458.3
6	2305	805352.1
6	2306	839731.2
6	2307	870993.4
6	2308	846917.3
6	2309	933238.5
6	2310	958997.6
6	2311	981928.1
6	2312	999729.5
6	2313	1001098
6	2314	987903.8
6	2315	1046793
6	2316	1012294
7	1101	676514.9
7	1102	696280.9
7	1103	722730.2
7	1104	748955.2
7	1105	776456.3
7	1106	805773.9
7	1107	835543.7
7	1108	863261.8
7	1109	893031.9
7	1110	919690.6
7	1111	943455.5
7	1112	966826.4
7	1113	983239.2
7	1114	989055.5
7	1115	948835.1
7	1116	955365.6
7	1201	697967
7	1202	718482.6
7	1203	739490.3
7	1204	762100.3
7	1205	787526
7	1206	814440.3
7	1207	840810.1
7	1208	865013.2
7	1209	894018.4
7	1210	920441.6
7	1211	942267.7
7	1212	964337.1
7	1213	984435.4
7	1214	999228.4
7	1215	975161.8
7	1216	1047950
7	1301	723942.7
7	1302	748036.1
7	1303	767579.1
7	1304	797283.3
7	1305	824254.1
7	1306	848774.3
7	1307	878284.3
7	1308	906406.9
7	1309	932523.3
7	1310	951430.2
7	1311	977065.3
7	1312	992049.9
7	1313	1017154
7	1314	1010269
7	1315	1038012
7	1316	1010108
7	2101	673259.4
7	2102	694562.1
7	2103	718694.4
7	2104	745739.9
7	2105	773112.1
7	2106	800556.9
7	2107	828354.8
7	2108	857591.3
7	2109	890765.6
7	2110	921448.9
7	2111	948501.4
7	2112	975811.4
7	2113	958740.9
7	2114	964832.6
7	2115	1029369
7	2116	1017836
7	2201	688442.3
7	2202	711045.8
7	2203	737007.6
7	2204	757739.2
7	2205	784606.6
7	2206	810122.6
7	2207	833779.8
7	2208	864338.2
7	2209	890281.9
7	2210	918138.2
7	2211	945830.9
7	2212	967232.6
7	2213	989962.8
7	2214	1014287
7	2215	977232.9
7	2216	1026314
7	2301	716916.6
7	2302	740239.9
7	2303	768837.1
7	2304	792856.6
7	2305	819439.6
7	2306	847792
7	2307	875528.8
7	2308	904361.8
7	2309	931354.5
7	2310	959070.4
7	2311	986241.3
7	2312	997465.3
7	2313	1027530
7	2314	995428.8
7	2315	969590.6
7	2316	1050019
